RC CIRCUIT FALSTAD SIMULATION

$ 1 0.000005 49.687244006919805 50 5 43 5e-11
r 272 128 336 128 0 5
c 272 208 336 208 0 10 -0.034202987761720885 0.001
v 224 208 224 128 0 0 40 30 0 0 0.5
p 272 80 336 80 1 0 0
p 336 240 272 240 1 0 0
w 224 128 272 128 0
w 336 128 384 128 0
w 224 208 272 208 0
w 336 208 384 208 0
w 272 80 272 128 0
w 336 80 336 128 0
w 272 208 272 240 0
w 336 208 336 240 0
w 544 208 544 240 0
w 480 208 480 240 0
w 544 80 544 128 0
w 480 80 480 128 0
w 544 208 592 208 0
w 432 208 480 208 0
w 544 128 592 128 0
w 432 128 480 128 0
p 544 240 480 240 1 0 0
p 480 80 544 80 1 0 0
v 592 208 592 128 0 0 40 10 0 0 0.5
c 480 208 544 208 0 10 0.012399855820978984 0.001
r 480 128 544 128 0 5
w 128 208 128 240 0
w 64 208 64 240 0
w 128 80 128 128 0
w 64 80 64 128 0
w 128 208 176 208 0
w 16 208 64 208 0
w 128 128 176 128 0
w 16 128 64 128 0
p 128 240 64 240 1 0 0
p 64 80 128 80 1 0 0
v 176 208 176 128 0 0 40 10 0 0 0.5
v 16 208 16 128 0 0 40 30 0 0 0.5
c 64 208 128 208 0 10 -0.021803131940755546 0.001
r 64 128 128 128 0 5
w 384 128 384 208 0
w 432 128 432 208 0

