eee project:
Figure 3
Verification of Super Position Theory

$ 1 0.000005 1.2182493960703473 72 5 43
r 64 80 160 80 0 2200
r 160 80 288 80 0 1000
w 64 288 160 288 0
w 304 80 288 80 0
v 64 224 64 160 0 0 40 4 0 0 0.5
v 304 224 304 160 0 0 40 1 0 0 0.5
p 208 144 208 224 1 0 0
w 208 144 160 144 0
w 208 224 160 224 0
w 64 80 64 160 0
w 64 224 64 288 0
w 304 80 304 160 0
w 304 224 304 288 0
r 160 144 160 224 0 4700
w 160 80 160 144 0
w 160 224 160 288 0
w 160 288 304 288 0
w 496 288 640 288 0
w 496 224 496 288 0
w 496 80 496 144 0
r 496 144 496 224 0 4700
w 640 224 640 288 0
w 640 80 640 160 0
w 400 224 400 288 0
w 400 80 400 160 0
w 544 224 496 224 0
w 544 144 496 144 0
p 544 144 544 224 1 0 0
v 400 224 400 160 0 0 40 4 0 0 0.5
w 640 80 624 80 0
w 400 288 496 288 0
r 496 80 624 80 0 1000
r 400 80 496 80 0 2200
r 704 80 800 80 0 2200
r 800 80 928 80 0 1000
w 704 288 800 288 0
w 944 80 928 80 0
v 944 224 944 160 0 0 40 1 0 0 0.5
p 848 144 848 224 1 0 0
w 848 144 800 144 0
w 848 224 800 224 0
w 704 80 704 160 0
w 704 224 704 288 0
w 944 80 944 160 0
w 944 224 944 288 0
r 800 144 800 224 0 4700
w 800 80 800 144 0
w 800 224 800 288 0
w 800 288 944 288 0
w 640 160 640 224 0
w 704 160 704 224 0
g 64 288 64 336 0 0
g 400 288 400 320 0 0
g 704 288 704 320 0 0

